0000000001
003000E801
0000000001
004800E801
FFF2002001
000000E201
FFF6152001
000800E201
FFF2012001
001000E201
FFF6182001
008800E201
0000000001
0001082001
001800E201
005A052001
0052062201
0032022201
002A032201
0022042201
006000E201
0072052001
006A062201
004A022201
0042032201
003A042201
007800E201
00A2092001
0092093401
008A072201
0082082201
0000000001
009800E201
00A800F201
0009082001
00C1082241
00E000E201
00D1082001
00C1083401
00E20A2201
00C800E201
00C800C001
00D800F201
0067FF2001
00B000E201
007FFF2001
00B800E201
0000000001
0009082001
00E800E201
0011082001
0099082241
00F000E201
00B9082001
010000E201
010000C001
009FFF2001
00F800E201
0000000001
0099082001
010800E201
00B1082001
010000E201
010000C001
00F7FF2001
011000E201
00FA0B2001
011800E201
0000000001
01120C2001
012000E201
0000000001
0119082001
FF80000201
0119082001
0000000001
FFE9083001
017800E201
0131082001
01320D2241
017A0D2201
017000E201
0000000001
013800E201
014800F201
0161082009
016800E201
0151082001
FFF20F2267
015800E201
0171082249
0171082001
015800E227
FFF20E2001
016800E227
0000000001
0169082009
FFF9082241
016800E226
0159082001
012800E201
011A102001
018000E201
0000000001
0121082001
FF78000201
0121082001
0000000001
FFE9083001
017800E201
0191082001
0192112241
017A112201
01D000E201
0000000001
019800E201
01A800F201
01C1082009
01C800E201
01B1082001
FFF2132267
01B800E201
01D1082249
01D1082001
01B800E227
FFF2122001
01C800E227
0000000001
01C9082009
FFF9082241
01C800E226
01B9082001
018800E201
0000000001
0129082001
01D800E201
0122142001
01E000E201
0000000001
01E1082001
0181082201
0000000001
020000E201
0000000001
0189082001
01E800E201
0212182001
020A192201
0202152201
01FA162201
01F2172201
021800E201
022A1D2001
02221E2201
02021A2201
01FA1B2201
01F21C2201
023000E201
0242222001
023A232201
02021F2201
01FA202201
01F2212201
024800E201
025A272001
0252282201
0202242201
01FA252201
01F2262201
026000E201
02722C2001
026A2D2201
0202292201
01FA2A2201
01F22B2201
027800E201
0219082001
0000000001
FFE9083001
017800E201
0289082001
028A2E2241
017A2E2201
02C800E201
0000000001
029000E201
02A000F201
02B9082009
02C000E201
02A9082001
FFF2302267
02B000E201
02C9082249
02C9082001
02B000E227
FFF22F2001
02C000E227
0000000001
02C1082009
FFF9082241
02C000E226
02B1082001
028000E201
0231082001
0000000001
FFE9083001
017800E201
02D9082001
02DA312241
017A312201
031800E201
0000000001
02E000E201
02F000F201
0309082009
031000E201
02F9082001
FFF2332267
030000E201
0319082249
0319082001
030000E227
FFF2322001
031000E227
0000000001
0311082009
FFF9082241
031000E226
0301082001
02D000E201
0249082001
0000000001
FFE9083001
017800E201
0329082001
032A342241
017A342201
036800E201
0000000001
033000E201
034000F201
0359082009
036000E201
0349082001
FFF2362267
035000E201
0369082249
0369082001
035000E227
FFF2352001
036000E227
0000000001
0361082009
FFF9082241
036000E226
0351082001
032000E201
0261082001
0000000001
FFE9083001
017800E201
0379082001
037A372241
017A372201
03B800E201
0000000001
038000E201
039000F201
03A9082009
03B000E201
0399082001
FFF2392267
03A000E201
03B9082249
03B9082001
03A000E227
FFF2382001
03B000E227
0000000001
03B1082009
FFF9082241
03B000E226
03A1082001
037000E201
0279082001
0000000001
FFE9083001
017800E201
03C9082001
03CA3A2241
017A3A2201
040800E201
0000000001
03D000E201
03E000F201
03F9082009
040000E201
03E9082001
FFF23C2267
03F000E201
0409082249
0409082001
03F000E227
FFF23B2001
040000E227
0000000001
0401082009
FFF9082241
040000E226
03F1082001
03C000E201
0000000001
0281082001
041000E201
0000000001
02D1082001
041800E201
0000000001
0321082001
042000E201
0000000001
0371082001
042800E201
0000000001
03C1082001
043000E201
0000000001
0000000001
0000000001
0000000001
0000000001
0000000001
0000000001
0000000001
0000000001
0000000001
0000000001
0000000001
0000000001
0000000001
0000000001
0000000001
0000000001
0000000001
0000000001
0000000001
0000000001
0000000001
0000000001
0000000001
0000000001
0000000001
0000000001
0000000001
0000000001
0000000001
0000000001
0000000001
0000000001
0000000001
0000000001
0000000001
0000000001
0000000001
0000000001
0000000001
0000000001
0000000001
0000000001
0000000001
0000000001
0000000001
0000000001
0000000001
0000000001
0000000001
0000000001
0000000001
0000000001
0000000001
0000000001
0000000001
0000000001
0000000001
0000000001
0000000001
0000000001
0000000001
0000000001
0000000001
0000000001
0000000001
0000000001
0000000001
0000000001
0000000001
0000000001
0000000001
0000000001
0000000001
0000000001
0000000001
0000000001
0000000001
0000000001
0000000001
0000000001
0000000001
0000000001
0000000001
0000000001
0000000001
0000000001
0000000001
0000000001
0000000001
0000000001
0000000001
0000000001
0000000001
0000000001
0000000001
0000000001
0000000001
0000000001
0000000001
0000000001
0000000001
0000000001
0000000001
0000000001
0000000001
0000000001
0000000001
0000000001
0000000001
0000000001
0000000001
0000000001
0000000001
0000000001
0000000001
0000000001
0000000001
0000000001
0000000001
0000000001
0000000001
0000000001
0000000001
0000000001
0000000001
0000000001
0000000001
0000000001
0000000001
0000000001
0000000001
0000000001
0000000001
0000000001
0000000001
0000000001
0000000001
0000000001
0000000001
0000000001
0000000001
0000000001
0000000001
0000000001
0000000001
0000000001
0000000001
0000000001
0000000001
0000000001
0000000001
0000000001
0000000001
0000000001
0000000001
0000000001
0000000001
0000000001
0000000001
0000000001
0000000001
0000000001
0000000001
0000000001
0000000001
0000000001
0000000001
0000000001
0000000001
0000000001
0000000001
0000000001
0000000001
0000000001
0000000001
0000000001
0000000001
0000000001
0000000001
0000000001
0000000001
0000000001
0000000001
0000000001
0000000001
0000000001
0000000001
0000000001
0000000001
0000000001
0000000001
0000000001
0000000001
0000000001
0000000001
0000000001
0000000001
0000000001
0000000001
0000000001
0000000001
0000000001
0000000001
0000000001
0000000001
0000000001
0000000001
0000000001
0000000001
0000000001
0000000001
0000000001
0000000001
0000000001
0000000001
0000000001
0000000001
0000000001
0000000001
0000000001
0000000001
0000000001
0000000001
0000000001
0000000001
0000000001
0000000001
0000000001
0000000001
0000000001
0000000001
0000000001
0000000001
0000000001
0000000001
0000000001
0000000001
0000000001
0000000001
0000000001
0000000001
0000000001
0000000001
0000000001
0000000001
0000000001
0000000001
0000000001
0000000001
0000000001
0000000001
0000000001
0000000001
0000000001
0000000001
0000000001
0000000001
0000000001
0000000001
0000000001
0000000001
0000000001
0000000001
0000000001
0000000001
0000000001
0000000001
0000000001
0000000001
0000000001
0000000001
0000000001
0000000001
0000000001
0000000001
0000000001
0000000001
0000000001
0000000001
0000000001
0000000001
0000000001
0000000001
0000000001
0000000001
0000000001
0000000001
0000000001
0000000001
0000000001
0000000001
0000000001
0000000001
0000000001
0000000001
0000000001
0000000001
0000000001
0000000001
0000000001
0000000001
0000000001
0000000001
0000000001
0000000001
0000000001
0000000001
0000000001
0000000001
0000000001
0000000001
0000000001
0000000001
0000000001
0000000001
0000000001
0000000001
0000000001
0000000001
0000000001
0000000001
0000000001
0000000001
0000000001
0000000001
0000000001
0000000001
0000000001
0000000001
0000000001
0000000001
0000000001
0000000001
0000000001
0000000001
0000000001
0000000001
0000000001
0000000001
0000000001
0000000001
0000000001
0000000001
0000000001
0000000001
0000000001
0000000001
0000000001
0000000001
0000000001
0000000001
0000000001
0000000001
0000000001
0000000001
0000000001
0000000001
0000000001
0000000001
0000000001
0000000001
0000000001
0000000001
0000000001
0000000001
0000000001
0000000001
0000000001
0000000001
0000000001
0000000001
0000000001
0000000001
0000000001
0000000001
0000000001
0000000001
0000000001
0000000001
0000000001
0000000001
0000000001
0000000001
0000000001
0000000001
0000000001
0000000001
0000000001
0000000001
0000000001
0000000001
0000000001
0000000001
0000000001
0000000001
0000000001
0000000001
0000000001
0000000001
0000000001
0000000001
0000000001
0000000001
0000000001
0000000001
0000000001
0000000001
0000000001
0000000001
0000000001
0000000001
0000000001
0000000001
0000000001
0000000001
0000000001
0000000001
0000000001
0000000001
0000000001
0000000001
0000000001
0000000001
0000000001
0000000001
0000000001
0000000001
0000000001
0000000001
0000000001
0000000001
0000000001
0000000001
0000000001
0000000001
0000000001
0000000001
0000000001
0000000001
0000000001
0000000001
0000000001
0000000001
0000000001
0000000001
0000000001
0000000001
0000000001
0000000001
0000000001
0000000001
0000000001
0000000001
0000000001
0000000001
0000000001
0000000001
0000000001
0000000001
0000000001
0000000001
0000000001
0000000001
0000000001
0000000001
0000000001
0000000001
0000000001
0000000001
0000000001
0000000001
0000000001
0000000001
0000000001
0000000001
0000000001
0000000001
0000000001
0000000001
0000000001
0000000001
0000000001
0000000001
0000000001
0000000001
0000000001
0000000001
0000000001
0000000001
0000000001
0000000001
0000000001
0000000001
0000000001
0000000001
0000000001
0000000001
0000000001
0000000001
0000000001
0000000001
0000000001
0000000001
0000000001
0000000001
0000000001
0000000001
0000000001
0000000001
0000000001
0000000001
0000000001
0000000001
0000000001
0000000001
0000000001
0000000001
0000000001
0000000001
0000000001
0000000001
0000000001
0000000001
0000000001
0000000001
0000000001
0000000001
0000000001
0000000001
0000000001
0000000001
0000000001
0000000001
0000000001
0000000001
0000000001
0000000001
0000000001
0000000001
0000000001
0000000001
0000000001
0000000001
0000000001
0000000001
0000000001
0000000001
0000000001
0000000001
0000000001
0000000001
0000000001
0000000001
0000000001
0000000001
0000000001
0000000001
0000000001
0000000001
0000000001
0000000001
0000000001
0000000001
0000000001
0000000001
0000000001
0000000001
0000000001
0000000001
0000000001
0000000001
0000000001
0000000001
0000000001
0000000001
0000000001
0000000001
0000000001
0000000001
0000000001
0000000001
0000000001
0000000001
0000000001
0000000001
0000000001
0000000001
0000000001
0000000001
0000000001
0000000001
0000000001
0000000001
0000000001
0000000001
0000000001
0000000001
0000000001
0000000001
0000000001
0000000001
0000000001
0000000001
0000000001
0000000001
0000000001
0000000001
0000000001
0000000001
0000000001
0000000001
0000000001
0000000001
0000000001
0000000001
0000000001
0000000001
0000000001
0000000001
0000000001
0000000001
0000000001
0000000001
0000000001
0000000001
0000000001
0000000001
0000000001
0000000001
0000000001
0000000001
0000000001
0000000001
0000000001
0000000001
0000000001
0000000001
0000000001
0000000001
0000000001
0000000001
0000000001
0000000001
0000000001
0000000001
0000000001
0000000001
0000000001
0000000001
0000000001
0000000001
0000000001
0000000001
0000000001
0000000001
0000000001
0000000001
0000000001
0000000001
0000000001
0000000001
0000000001
0000000001
0000000001
0000000001
0000000001
0000000001
0000000001
0000000001
0000000001
0000000001
0000000001
0000000001
0000000001
0000000001
0000000001
0000000001
0000000001
0000000001
0000000001
0000000001
0000000001
0000000001
0000000001
0000000001
0000000001
0000000001
0000000001
0000000001
0000000001
0000000001
0000000001
0000000001
0000000001
0000000001
0000000001
0000000001
