0000000000000000000000000000000000000001
0000000000110000000000001110100000000001
0000000000000000000000000000000000000001
0000000001001000000000001110100000000001
1111111111110010000000000010000000000001
0000000000000000000000001110001000000001
1111111111110110000101010010000000000001
0000000000001000000000001110001000000001
1111111111110010000000010010000000000001
0000000000010000000000001110001000000001
1111111111110110000110000010000000000001
0000000010001000000000001110001000000001
0000000000000000000000000000000000000001
0000000000000001000010000010000000000001
0000000000011000000000001110001000000001
0000000001011010000001010010000000000001
0000000001010010000001100010001000000001
0000000000110010000000100010001000000001
0000000000101010000000110010001000000001
0000000000100010000001000010001000000001
0000000001100000000000001110001000000001
0000000001110010000001010010000000000001
0000000001101010000001100010001000000001
0000000001001010000000100010001000000001
0000000001000010000000110010001000000001
0000000000111010000001000010001000000001
0000000001111000000000001110001000000001
0000000010100010000010010010000000000001
0000000010010010000010010011010000000001
0000000010001010000001110010001000000001
0000000010000010000010000010001000000001
0000000000000000000000000000000000000001
0000000010011000000000001110001000000001
0000000010101000000000001111001000000001
0000000000001001000010000010000000000001
0000000011000001000010000010001001000001
0000000011100000000000001110001000000001
0000000011010001000010000010000000000001
0000000011000001000010000011010000000001
0000000011100010000010100010001000000001
0000000011001000000000001110001000000001
0000000011001000000000001100000000000001
0000000011011000000000001111001000000001
0000000001100111111111110010000000000001
0000000010110000000000001110001000000001
0000000001111111111111110010000000000001
0000000010111000000000001110001000000001
0000000000000000000000000000000000000001
0000000000001001000010000010000000000001
0000000011101000000000001110001000000001
0000000000010001000010000010000000000001
0000000010011001000010000010001001000001
0000000011110000000000001110001000000001
0000000010111001000010000010000000000001
0000000100000000000000001110001000000001
0000000100000000000000001100000000000001
0000000010011111111111110010000000000001
0000000011111000000000001110001000000001
0000000000000000000000000000000000000001
0000000010011001000010000010000000000001
0000000100001000000000001110001000000001
0000000010110001000010000010000000000001
0000000100000000000000001110001000000001
0000000100000000000000001100000000000001
0000000011110111111111110010000000000001
0000000100010000000000001110001000000001
0000000011111010000010110010000000000001
0000000101000000000000001110001000000001
0000000000000000000000000000000000000001
0000000100010010000011000010000000000001
0000000100101000000000001110001000000001
0000000000000000000000000000000000000001
0000000101101010000100000010000000000001
0000000101100010000100010010001000000001
0000000101010010000100000011010000000001
0000000101001010000100010010001000000001
0000000100101010000011010010001000000001
0000000100100010000011100010001000000001
0000000100011010000011110010001000000001
0000000000000000000000000000000000000001
0000000101011000000000001110001000000001
0000000101110000000000001111001000000001
0000000110011010000100000010000000000001
0000000110010010000100010010001000000001
0000000110000010000100000011010000000001
0000000101111010000100010010001000000001
0000000101000010000011010010001000000001
0000000100111010000011100010001000000001
0000000100110010000011110010001000000001
0000000000000000000000000000000000000001
0000000110001000000000001110001000000001
0000000110100000000000001111001000000001
0000000111001010000101010010000000000001
0000000111000010000101100010001000000001
0000000110110010000101010011010000000001
0000000110101010000101100010001000000001
0000000101011010000100100010001000000001
0000000101010010000100110010001000000001
0000000101001010000101000010001000000001
0000000000000000000000000000000000000001
0000000110111000000000001110001000000001
0000000111010000000000001111001000000001
0000000111111010000101010010000000000001
0000000111110010000101100010001000000001
0000000111100010000101010011010000000001
0000000111011010000101100010001000000001
0000000110001010000100100010001000000001
0000000110000010000100110010001000000001
0000000101111010000101000010001000000001
0000000000000000000000000000000000000001
0000000111101000000000001110001000000001
0000001000000000000000001111001000000001
0000001000101010000110100010000000000001
0000001000100010000110110010001000000001
0000001000010010000110100011010000000001
0000001000001010000110110010001000000001
0000000110111010000101110010001000000001
0000000110110010000110000010001000000001
0000000110101010000110010010001000000001
0000000000000000000000000000000000000001
0000001000011000000000001110001000000001
0000001000110000000000001111001000000001
0000001001011010000110100010000000000001
0000001001010010000110110010001000000001
0000001001000010000110100011010000000001
0000001000111010000110110010001000000001
0000000111101010000101110010001000000001
0000000111100010000110000010001000000001
0000000111011010000110010010001000000001
0000000000000000000000000000000000000001
0000001001001000000000001110001000000001
0000001001100000000000001111001000000001
0000001010001010000111110010000000000001
0000001010000010001000000010001000000001
0000001001110010000111110011010000000001
0000001001101010001000000010001000000001
0000001000011010000111000010001000000001
0000001000010010000111010010001000000001
0000001000001010000111100010001000000001
0000000000000000000000000000000000000001
0000001001111000000000001110001000000001
0000001010010000000000001111001000000001
0000001010111010000111110010000000000001
0000001010110010001000000010001000000001
0000001010100010000111110011010000000001
0000001010011010001000000010001000000001
0000001001001010000111000010001000000001
0000001001000010000111010010001000000001
0000001000111010000111100010001000000001
0000000000000000000000000000000000000001
0000001010101000000000001110001000000001
0000001011000000000000001111001000000001
0000001011101010001001000010000000000001
0000001011100010001001010010001000000001
0000001011010010001001000011010000000001
0000001011001010001001010010001000000001
0000001001111010001000010010001000000001
0000001001110010001000100010001000000001
0000001001101010001000110010001000000001
0000000000000000000000000000000000000001
0000001011011000000000001110001000000001
0000001011110000000000001111001000000001
0000001100011010001001000010000000000001
0000001100010010001001010010001000000001
0000001100000010001001000011010000000001
0000001011111010001001010010001000000001
0000001010101010001000010010001000000001
0000001010100010001000100010001000000001
0000001010011010001000110010001000000001
0000000000000000000000000000000000000001
0000001100001000000000001110001000000001
0000001100100000000000001111001000000001
0000001011011001000010000010000000000001
1111111101111000000000000000001000000001
0000001100001001000010000010000000000001
1111111110000000000000000000001000000001
0000001011011001000010000010000000000001
0000000000000000000000000000000000000001
1111111111101001000010000011000000000001
0000001101111000000000001110001000000001
0000001100110001000010000010000000000001
0000001100110010001001100010001001000001
0000001101111010001001100010001000000001
0000001101110000000000001110001000000001
0000000000000000000000000000000000000001
0000001100111000000000001110001000000001
0000001101001000000000001111001000000001
0000001101100001000010000010000000001001
0000001101101000000000001110001000000001
0000001101010001000010000010000000000001
1111111111110010001010000010001001100111
0000001101011000000000001110001000000001
0000001101110001000010000010001001001001
0000001101110001000010000010000000000001
0000001101011000000000001110001000100111
1111111111110010001001110010000000000001
0000001101101000000000001110001000100111
0000000000000000000000000000000000000001
0000001101101001000010000010000000001001
1111111111111001000010000010001001000001
0000001101101000000000001110001000100110
0000001101011001000010000010000000000001
0000001100101000000000001110001000000001
0000001100001001000010000010000000000001
0000000000000000000000000000000000000001
1111111111101001000010000011000000000001
0000001101111000000000001110001000000001
0000001110001001000010000010000000000001
0000001110001010001010010010001001000001
0000001101111010001010010010001000000001
0000001111001000000000001110001000000001
0000000000000000000000000000000000000001
0000001110010000000000001110001000000001
0000001110100000000000001111001000000001
0000001110111001000010000010000000001001
0000001111000000000000001110001000000001
0000001110101001000010000010000000000001
1111111111110010001010110010001001100111
0000001110110000000000001110001000000001
0000001111001001000010000010001001001001
0000001111001001000010000010000000000001
0000001110110000000000001110001000100111
1111111111110010001010100010000000000001
0000001111000000000000001110001000100111
0000000000000000000000000000000000000001
0000001111000001000010000010000000001001
1111111111111001000010000010001001000001
0000001111000000000000001110001000100110
0000001110110001000010000010000000000001
0000001110000000000000001110001000000001
0000001011011010001011000010000000000001
0000001111010000000000001110001000000001
0000000000000000000000000000000000000001
0000001100001010001011010010000000000001
0000001111011000000000001110001000000001
0000000000000000000000000000000000000001
0000000000000000000000000000000000000001
0000001100101001000010000010000000000001
0000001111100000000000001110001000000001
0000000000000000000000000000000000000001
0000001110000001000010000010000000000001
0000001111101000000000001110001000000001
0000001111010001000010000010000000000001
0000001111011001000010000010001000000001
0000000000000000000000000000000000000001
0000010000000000000000001110001000000001
0000010000010010001100010010000000000001
0000010000001010001100100010001000000001
0000010000000010001011100010001000000001
0000001111111010001011110010001000000001
0000001111110010001100000010001000000001
0000010000011000000000001110001000000001
0000010000101010001101100010000000000001
0000010000100010001101110010001000000001
0000010000000010001100110010001000000001
0000001111111010001101000010001000000001
0000001111110010001101010010001000000001
0000010000110000000000001110001000000001
0000010001000010001110110010000000000001
0000010000111010001111000010001000000001
0000010000000010001110000010001000000001
0000001111111010001110010010001000000001
0000001111110010001110100010001000000001
0000010001001000000000001110001000000001
0000010001011010010000000010000000000001
0000010001010010010000010010001000000001
0000010000000010001111010010001000000001
0000001111111010001111100010001000000001
0000001111110010001111110010001000000001
0000010001100000000000001110001000000001
0000010001110010010001010010000000000001
0000010001101010010001100010001000000001
0000010000000010010000100010001000000001
0000001111111010010000110010001000000001
0000001111110010010001000010001000000001
0000010001111000000000001110001000000001
0000010000011001000010000010000000000001
0000000000000000000000000000000000000001
1111111111101001000010000011000000000001
0000001101111000000000001110001000000001
0000010010001001000010000010000000000001
0000010010001010010001110010001001000001
0000001101111010010001110010001000000001
0000010011001000000000001110001000000001
0000000000000000000000000000000000000001
0000010010010000000000001110001000000001
0000010010100000000000001111001000000001
0000010010111001000010000010000000001001
0000010011000000000000001110001000000001
0000010010101001000010000010000000000001
1111111111110010010010010010001001100111
0000010010110000000000001110001000000001
0000010011001001000010000010001001001001
0000010011001001000010000010000000000001
0000010010110000000000001110001000100111
1111111111110010010010000010000000000001
0000010011000000000000001110001000100111
0000000000000000000000000000000000000001
0000010011000001000010000010000000001001
1111111111111001000010000010001001000001
0000010011000000000000001110001000100110
0000010010110001000010000010000000000001
0000010010000000000000001110001000000001
0000010000110001000010000010000000000001
0000000000000000000000000000000000000001
1111111111101001000010000011000000000001
0000001101111000000000001110001000000001
0000010011011001000010000010000000000001
0000010011011010010010100010001001000001
0000001101111010010010100010001000000001
0000010100011000000000001110001000000001
0000000000000000000000000000000000000001
0000010011100000000000001110001000000001
0000010011110000000000001111001000000001
0000010100001001000010000010000000001001
0000010100010000000000001110001000000001
0000010011111001000010000010000000000001
1111111111110010010011000010001001100111
0000010100000000000000001110001000000001
0000010100011001000010000010001001001001
0000010100011001000010000010000000000001
0000010100000000000000001110001000100111
1111111111110010010010110010000000000001
0000010100010000000000001110001000100111
0000000000000000000000000000000000000001
0000010100010001000010000010000000001001
1111111111111001000010000010001001000001
0000010100010000000000001110001000100110
0000010100000001000010000010000000000001
0000010011010000000000001110001000000001
0000010001001001000010000010000000000001
0000000000000000000000000000000000000001
1111111111101001000010000011000000000001
0000001101111000000000001110001000000001
0000010100101001000010000010000000000001
0000010100101010010011010010001001000001
0000001101111010010011010010001000000001
0000010101101000000000001110001000000001
0000000000000000000000000000000000000001
0000010100110000000000001110001000000001
0000010101000000000000001111001000000001
0000010101011001000010000010000000001001
0000010101100000000000001110001000000001
0000010101001001000010000010000000000001
1111111111110010010011110010001001100111
0000010101010000000000001110001000000001
0000010101101001000010000010001001001001
0000010101101001000010000010000000000001
0000010101010000000000001110001000100111
1111111111110010010011100010000000000001
0000010101100000000000001110001000100111
0000000000000000000000000000000000000001
0000010101100001000010000010000000001001
1111111111111001000010000010001001000001
0000010101100000000000001110001000100110
0000010101010001000010000010000000000001
0000010100100000000000001110001000000001
0000010001100001000010000010000000000001
0000000000000000000000000000000000000001
1111111111101001000010000011000000000001
0000001101111000000000001110001000000001
0000010101111001000010000010000000000001
0000010101111010010100000010001001000001
0000001101111010010100000010001000000001
0000010110111000000000001110001000000001
0000000000000000000000000000000000000001
0000010110000000000000001110001000000001
0000010110010000000000001111001000000001
0000010110101001000010000010000000001001
0000010110110000000000001110001000000001
0000010110011001000010000010000000000001
1111111111110010010100100010001001100111
0000010110100000000000001110001000000001
0000010110111001000010000010001001001001
0000010110111001000010000010000000000001
0000010110100000000000001110001000100111
1111111111110010010100010010000000000001
0000010110110000000000001110001000100111
0000000000000000000000000000000000000001
0000010110110001000010000010000000001001
1111111111111001000010000010001001000001
0000010110110000000000001110001000100110
0000010110100001000010000010000000000001
0000010101110000000000001110001000000001
0000010001111001000010000010000000000001
0000000000000000000000000000000000000001
1111111111101001000010000011000000000001
0000001101111000000000001110001000000001
0000010111001001000010000010000000000001
0000010111001010010100110010001001000001
0000001101111010010100110010001000000001
0000011000001000000000001110001000000001
0000000000000000000000000000000000000001
0000010111010000000000001110001000000001
0000010111100000000000001111001000000001
0000010111111001000010000010000000001001
0000011000000000000000001110001000000001
0000010111101001000010000010000000000001
1111111111110010010101010010001001100111
0000010111110000000000001110001000000001
0000011000001001000010000010001001001001
0000011000001001000010000010000000000001
0000010111110000000000001110001000100111
1111111111110010010101000010000000000001
0000011000000000000000001110001000100111
0000000000000000000000000000000000000001
0000011000000001000010000010000000001001
1111111111111001000010000010001001000001
0000011000000000000000001110001000100110
0000010111110001000010000010000000000001
0000010111000000000000001110001000000001
0000000000000000000000000000000000000001
0000010010000001000010000010000000000001
0000011000010000000000001110001000000001
0000000000000000000000000000000000000001
0000010011010001000010000010000000000001
0000011000011000000000001110001000000001
0000000000000000000000000000000000000001
0000010100100001000010000010000000000001
0000011000100000000000001110001000000001
0000000000000000000000000000000000000001
0000010101110001000010000010000000000001
0000011000101000000000001110001000000001
0000000000000000000000000000000000000001
0000010111000001000010000010000000000001
0000011000110000000000001110001000000001
0000000000000000000000000000000000000001
0000000000000000000000000000000000000001
0000000000000000000000000000000000000001
0000000000000000000000000000000000000001
0000000000000000000000000000000000000001
0000000000000000000000000000000000000001
0000000000000000000000000000000000000001
0000000000000000000000000000000000000001
0000000000000000000000000000000000000001
0000000000000000000000000000000000000001
0000000000000000000000000000000000000001
0000000000000000000000000000000000000001
0000000000000000000000000000000000000001
0000000000000000000000000000000000000001
0000000000000000000000000000000000000001
0000000000000000000000000000000000000001
0000000000000000000000000000000000000001
0000000000000000000000000000000000000001
0000000000000000000000000000000000000001
0000000000000000000000000000000000000001
0000000000000000000000000000000000000001
0000000000000000000000000000000000000001
0000000000000000000000000000000000000001
0000000000000000000000000000000000000001
0000000000000000000000000000000000000001
0000000000000000000000000000000000000001
0000000000000000000000000000000000000001
0000000000000000000000000000000000000001
0000000000000000000000000000000000000001
0000000000000000000000000000000000000001
0000000000000000000000000000000000000001
0000000000000000000000000000000000000001
0000000000000000000000000000000000000001
0000000000000000000000000000000000000001
0000000000000000000000000000000000000001
0000000000000000000000000000000000000001
0000000000000000000000000000000000000001
0000000000000000000000000000000000000001
0000000000000000000000000000000000000001
0000000000000000000000000000000000000001
0000000000000000000000000000000000000001
0000000000000000000000000000000000000001
0000000000000000000000000000000000000001
0000000000000000000000000000000000000001
0000000000000000000000000000000000000001
0000000000000000000000000000000000000001
0000000000000000000000000000000000000001
0000000000000000000000000000000000000001
0000000000000000000000000000000000000001
0000000000000000000000000000000000000001
0000000000000000000000000000000000000001
0000000000000000000000000000000000000001
0000000000000000000000000000000000000001
0000000000000000000000000000000000000001
0000000000000000000000000000000000000001
0000000000000000000000000000000000000001
0000000000000000000000000000000000000001
0000000000000000000000000000000000000001
0000000000000000000000000000000000000001
0000000000000000000000000000000000000001
0000000000000000000000000000000000000001
0000000000000000000000000000000000000001
0000000000000000000000000000000000000001
0000000000000000000000000000000000000001
0000000000000000000000000000000000000001
0000000000000000000000000000000000000001
0000000000000000000000000000000000000001
0000000000000000000000000000000000000001
0000000000000000000000000000000000000001
0000000000000000000000000000000000000001
0000000000000000000000000000000000000001
0000000000000000000000000000000000000001
0000000000000000000000000000000000000001
0000000000000000000000000000000000000001
0000000000000000000000000000000000000001
0000000000000000000000000000000000000001
0000000000000000000000000000000000000001
0000000000000000000000000000000000000001
0000000000000000000000000000000000000001
0000000000000000000000000000000000000001
0000000000000000000000000000000000000001
0000000000000000000000000000000000000001
0000000000000000000000000000000000000001
0000000000000000000000000000000000000001
0000000000000000000000000000000000000001
0000000000000000000000000000000000000001
0000000000000000000000000000000000000001
0000000000000000000000000000000000000001
0000000000000000000000000000000000000001
0000000000000000000000000000000000000001
0000000000000000000000000000000000000001
0000000000000000000000000000000000000001
0000000000000000000000000000000000000001
0000000000000000000000000000000000000001
0000000000000000000000000000000000000001
0000000000000000000000000000000000000001
0000000000000000000000000000000000000001
0000000000000000000000000000000000000001
0000000000000000000000000000000000000001
0000000000000000000000000000000000000001
0000000000000000000000000000000000000001
0000000000000000000000000000000000000001
0000000000000000000000000000000000000001
0000000000000000000000000000000000000001
0000000000000000000000000000000000000001
0000000000000000000000000000000000000001
0000000000000000000000000000000000000001
0000000000000000000000000000000000000001
0000000000000000000000000000000000000001
0000000000000000000000000000000000000001
0000000000000000000000000000000000000001
0000000000000000000000000000000000000001
0000000000000000000000000000000000000001
0000000000000000000000000000000000000001
0000000000000000000000000000000000000001
0000000000000000000000000000000000000001
0000000000000000000000000000000000000001
0000000000000000000000000000000000000001
0000000000000000000000000000000000000001
0000000000000000000000000000000000000001
0000000000000000000000000000000000000001
0000000000000000000000000000000000000001
0000000000000000000000000000000000000001
0000000000000000000000000000000000000001
0000000000000000000000000000000000000001
0000000000000000000000000000000000000001
0000000000000000000000000000000000000001
0000000000000000000000000000000000000001
0000000000000000000000000000000000000001
0000000000000000000000000000000000000001
0000000000000000000000000000000000000001
0000000000000000000000000000000000000001
0000000000000000000000000000000000000001
0000000000000000000000000000000000000001
0000000000000000000000000000000000000001
0000000000000000000000000000000000000001
0000000000000000000000000000000000000001
0000000000000000000000000000000000000001
0000000000000000000000000000000000000001
0000000000000000000000000000000000000001
0000000000000000000000000000000000000001
0000000000000000000000000000000000000001
0000000000000000000000000000000000000001
0000000000000000000000000000000000000001
0000000000000000000000000000000000000001
0000000000000000000000000000000000000001
0000000000000000000000000000000000000001
0000000000000000000000000000000000000001
0000000000000000000000000000000000000001
0000000000000000000000000000000000000001
0000000000000000000000000000000000000001
0000000000000000000000000000000000000001
0000000000000000000000000000000000000001
0000000000000000000000000000000000000001
0000000000000000000000000000000000000001
0000000000000000000000000000000000000001
0000000000000000000000000000000000000001
0000000000000000000000000000000000000001
0000000000000000000000000000000000000001
0000000000000000000000000000000000000001
0000000000000000000000000000000000000001
0000000000000000000000000000000000000001
0000000000000000000000000000000000000001
0000000000000000000000000000000000000001
0000000000000000000000000000000000000001
0000000000000000000000000000000000000001
0000000000000000000000000000000000000001
0000000000000000000000000000000000000001
0000000000000000000000000000000000000001
0000000000000000000000000000000000000001
0000000000000000000000000000000000000001
0000000000000000000000000000000000000001
0000000000000000000000000000000000000001
0000000000000000000000000000000000000001
0000000000000000000000000000000000000001
0000000000000000000000000000000000000001
0000000000000000000000000000000000000001
0000000000000000000000000000000000000001
0000000000000000000000000000000000000001
0000000000000000000000000000000000000001
0000000000000000000000000000000000000001
0000000000000000000000000000000000000001
0000000000000000000000000000000000000001
0000000000000000000000000000000000000001
0000000000000000000000000000000000000001
0000000000000000000000000000000000000001
0000000000000000000000000000000000000001
0000000000000000000000000000000000000001
0000000000000000000000000000000000000001
0000000000000000000000000000000000000001
0000000000000000000000000000000000000001
0000000000000000000000000000000000000001
0000000000000000000000000000000000000001
0000000000000000000000000000000000000001
0000000000000000000000000000000000000001
0000000000000000000000000000000000000001
0000000000000000000000000000000000000001
0000000000000000000000000000000000000001
0000000000000000000000000000000000000001
0000000000000000000000000000000000000001
0000000000000000000000000000000000000001
0000000000000000000000000000000000000001
0000000000000000000000000000000000000001
0000000000000000000000000000000000000001
0000000000000000000000000000000000000001
0000000000000000000000000000000000000001
0000000000000000000000000000000000000001
0000000000000000000000000000000000000001
0000000000000000000000000000000000000001
0000000000000000000000000000000000000001
0000000000000000000000000000000000000001
0000000000000000000000000000000000000001
0000000000000000000000000000000000000001
0000000000000000000000000000000000000001
0000000000000000000000000000000000000001
0000000000000000000000000000000000000001
0000000000000000000000000000000000000001
0000000000000000000000000000000000000001
0000000000000000000000000000000000000001
0000000000000000000000000000000000000001
0000000000000000000000000000000000000001
0000000000000000000000000000000000000001
0000000000000000000000000000000000000001
0000000000000000000000000000000000000001
0000000000000000000000000000000000000001
0000000000000000000000000000000000000001
0000000000000000000000000000000000000001
0000000000000000000000000000000000000001
0000000000000000000000000000000000000001
0000000000000000000000000000000000000001
0000000000000000000000000000000000000001
0000000000000000000000000000000000000001
0000000000000000000000000000000000000001
0000000000000000000000000000000000000001
0000000000000000000000000000000000000001
0000000000000000000000000000000000000001
0000000000000000000000000000000000000001
0000000000000000000000000000000000000001
0000000000000000000000000000000000000001
0000000000000000000000000000000000000001
0000000000000000000000000000000000000001
0000000000000000000000000000000000000001
0000000000000000000000000000000000000001
0000000000000000000000000000000000000001
0000000000000000000000000000000000000001
0000000000000000000000000000000000000001
0000000000000000000000000000000000000001
0000000000000000000000000000000000000001
0000000000000000000000000000000000000001
0000000000000000000000000000000000000001
0000000000000000000000000000000000000001
0000000000000000000000000000000000000001
0000000000000000000000000000000000000001
0000000000000000000000000000000000000001
0000000000000000000000000000000000000001
0000000000000000000000000000000000000001
0000000000000000000000000000000000000001
0000000000000000000000000000000000000001
0000000000000000000000000000000000000001
0000000000000000000000000000000000000001
0000000000000000000000000000000000000001
0000000000000000000000000000000000000001
0000000000000000000000000000000000000001
0000000000000000000000000000000000000001
0000000000000000000000000000000000000001
0000000000000000000000000000000000000001
0000000000000000000000000000000000000001
0000000000000000000000000000000000000001
0000000000000000000000000000000000000001
0000000000000000000000000000000000000001
0000000000000000000000000000000000000001
0000000000000000000000000000000000000001
0000000000000000000000000000000000000001
0000000000000000000000000000000000000001
0000000000000000000000000000000000000001
0000000000000000000000000000000000000001
0000000000000000000000000000000000000001
0000000000000000000000000000000000000001
0000000000000000000000000000000000000001
0000000000000000000000000000000000000001
0000000000000000000000000000000000000001
0000000000000000000000000000000000000001
0000000000000000000000000000000000000001
0000000000000000000000000000000000000001
0000000000000000000000000000000000000001
0000000000000000000000000000000000000001
0000000000000000000000000000000000000001
0000000000000000000000000000000000000001
0000000000000000000000000000000000000001
0000000000000000000000000000000000000001
0000000000000000000000000000000000000001
0000000000000000000000000000000000000001
0000000000000000000000000000000000000001
0000000000000000000000000000000000000001
0000000000000000000000000000000000000001
0000000000000000000000000000000000000001
0000000000000000000000000000000000000001
0000000000000000000000000000000000000001
0000000000000000000000000000000000000001
0000000000000000000000000000000000000001
0000000000000000000000000000000000000001
0000000000000000000000000000000000000001
0000000000000000000000000000000000000001
0000000000000000000000000000000000000001
0000000000000000000000000000000000000001
0000000000000000000000000000000000000001
0000000000000000000000000000000000000001
0000000000000000000000000000000000000001
0000000000000000000000000000000000000001
0000000000000000000000000000000000000001
0000000000000000000000000000000000000001
0000000000000000000000000000000000000001
0000000000000000000000000000000000000001
0000000000000000000000000000000000000001
0000000000000000000000000000000000000001
0000000000000000000000000000000000000001
0000000000000000000000000000000000000001
0000000000000000000000000000000000000001
0000000000000000000000000000000000000001
0000000000000000000000000000000000000001
0000000000000000000000000000000000000001
0000000000000000000000000000000000000001
0000000000000000000000000000000000000001
0000000000000000000000000000000000000001
0000000000000000000000000000000000000001
0000000000000000000000000000000000000001
0000000000000000000000000000000000000001
0000000000000000000000000000000000000001
0000000000000000000000000000000000000001
0000000000000000000000000000000000000001
0000000000000000000000000000000000000001
0000000000000000000000000000000000000001
0000000000000000000000000000000000000001
0000000000000000000000000000000000000001
0000000000000000000000000000000000000001
0000000000000000000000000000000000000001
0000000000000000000000000000000000000001
0000000000000000000000000000000000000001
0000000000000000000000000000000000000001
0000000000000000000000000000000000000001
0000000000000000000000000000000000000001
0000000000000000000000000000000000000001
0000000000000000000000000000000000000001
0000000000000000000000000000000000000001
0000000000000000000000000000000000000001
0000000000000000000000000000000000000001
0000000000000000000000000000000000000001
0000000000000000000000000000000000000001
0000000000000000000000000000000000000001
0000000000000000000000000000000000000001
0000000000000000000000000000000000000001
0000000000000000000000000000000000000001
0000000000000000000000000000000000000001
0000000000000000000000000000000000000001
0000000000000000000000000000000000000001
0000000000000000000000000000000000000001
0000000000000000000000000000000000000001
0000000000000000000000000000000000000001
0000000000000000000000000000000000000001
0000000000000000000000000000000000000001
0000000000000000000000000000000000000001
0000000000000000000000000000000000000001
0000000000000000000000000000000000000001
0000000000000000000000000000000000000001
0000000000000000000000000000000000000001
0000000000000000000000000000000000000001
0000000000000000000000000000000000000001
0000000000000000000000000000000000000001
0000000000000000000000000000000000000001
0000000000000000000000000000000000000001
0000000000000000000000000000000000000001
0000000000000000000000000000000000000001
0000000000000000000000000000000000000001
0000000000000000000000000000000000000001
0000000000000000000000000000000000000001
0000000000000000000000000000000000000001
0000000000000000000000000000000000000001
0000000000000000000000000000000000000001
0000000000000000000000000000000000000001
0000000000000000000000000000000000000001
0000000000000000000000000000000000000001
0000000000000000000000000000000000000001
0000000000000000000000000000000000000001
0000000000000000000000000000000000000001
0000000000000000000000000000000000000001
0000000000000000000000000000000000000001
0000000000000000000000000000000000000001
0000000000000000000000000000000000000001
0000000000000000000000000000000000000001
0000000000000000000000000000000000000001
0000000000000000000000000000000000000001
0000000000000000000000000000000000000001
0000000000000000000000000000000000000001
0000000000000000000000000000000000000001
0000000000000000000000000000000000000001
0000000000000000000000000000000000000001
0000000000000000000000000000000000000001
0000000000000000000000000000000000000001
0000000000000000000000000000000000000001
0000000000000000000000000000000000000001
0000000000000000000000000000000000000001
0000000000000000000000000000000000000001
0000000000000000000000000000000000000001
0000000000000000000000000000000000000001
0000000000000000000000000000000000000001
0000000000000000000000000000000000000001
0000000000000000000000000000000000000001
0000000000000000000000000000000000000001
0000000000000000000000000000000000000001
0000000000000000000000000000000000000001
0000000000000000000000000000000000000001
0000000000000000000000000000000000000001
0000000000000000000000000000000000000001
0000000000000000000000000000000000000001
0000000000000000000000000000000000000001
0000000000000000000000000000000000000001
0000000000000000000000000000000000000001
0000000000000000000000000000000000000001
0000000000000000000000000000000000000001
0000000000000000000000000000000000000001
0000000000000000000000000000000000000001
0000000000000000000000000000000000000001
0000000000000000000000000000000000000001
0000000000000000000000000000000000000001
0000000000000000000000000000000000000001
0000000000000000000000000000000000000001
0000000000000000000000000000000000000001
0000000000000000000000000000000000000001
0000000000000000000000000000000000000001
0000000000000000000000000000000000000001
0000000000000000000000000000000000000001
0000000000000000000000000000000000000001
0000000000000000000000000000000000000001
0000000000000000000000000000000000000001
0000000000000000000000000000000000000001
0000000000000000000000000000000000000001
0000000000000000000000000000000000000001
0000000000000000000000000000000000000001
0000000000000000000000000000000000000001
0000000000000000000000000000000000000001
0000000000000000000000000000000000000001
0000000000000000000000000000000000000001
0000000000000000000000000000000000000001
0000000000000000000000000000000000000001
0000000000000000000000000000000000000001
0000000000000000000000000000000000000001
0000000000000000000000000000000000000001
0000000000000000000000000000000000000001
0000000000000000000000000000000000000001
0000000000000000000000000000000000000001
0000000000000000000000000000000000000001
0000000000000000000000000000000000000001
0000000000000000000000000000000000000001
0000000000000000000000000000000000000001
0000000000000000000000000000000000000001
0000000000000000000000000000000000000001
0000000000000000000000000000000000000001
0000000000000000000000000000000000000001
0000000000000000000000000000000000000001
0000000000000000000000000000000000000001
0000000000000000000000000000000000000001
0000000000000000000000000000000000000001
0000000000000000000000000000000000000001
0000000000000000000000000000000000000001
0000000000000000000000000000000000000001
0000000000000000000000000000000000000001
0000000000000000000000000000000000000001
0000000000000000000000000000000000000001
0000000000000000000000000000000000000001
0000000000000000000000000000000000000001
0000000000000000000000000000000000000001
0000000000000000000000000000000000000001
0000000000000000000000000000000000000001
0000000000000000000000000000000000000001
0000000000000000000000000000000000000001
0000000000000000000000000000000000000001
0000000000000000000000000000000000000001
0000000000000000000000000000000000000001
0000000000000000000000000000000000000001
0000000000000000000000000000000000000001
0000000000000000000000000000000000000001
0000000000000000000000000000000000000001
0000000000000000000000000000000000000001
0000000000000000000000000000000000000001
0000000000000000000000000000000000000001
0000000000000000000000000000000000000001
0000000000000000000000000000000000000001
0000000000000000000000000000000000000001
0000000000000000000000000000000000000001
0000000000000000000000000000000000000001
0000000000000000000000000000000000000001
0000000000000000000000000000000000000001
0000000000000000000000000000000000000001
0000000000000000000000000000000000000001
0000000000000000000000000000000000000001
0000000000000000000000000000000000000001
0000000000000000000000000000000000000001
0000000000000000000000000000000000000001
0000000000000000000000000000000000000001
0000000000000000000000000000000000000001
0000000000000000000000000000000000000001
0000000000000000000000000000000000000001
0000000000000000000000000000000000000001
0000000000000000000000000000000000000001
0000000000000000000000000000000000000001
0000000000000000000000000000000000000001
0000000000000000000000000000000000000001
0000000000000000000000000000000000000001
0000000000000000000000000000000000000001
0000000000000000000000000000000000000001
0000000000000000000000000000000000000001
0000000000000000000000000000000000000001
0000000000000000000000000000000000000001
0000000000000000000000000000000000000001
0000000000000000000000000000000000000001
0000000000000000000000000000000000000001
0000000000000000000000000000000000000001
0000000000000000000000000000000000000001
0000000000000000000000000000000000000001
0000000000000000000000000000000000000001
0000000000000000000000000000000000000001
0000000000000000000000000000000000000001
0000000000000000000000000000000000000001
0000000000000000000000000000000000000001
0000000000000000000000000000000000000001
0000000000000000000000000000000000000001
0000000000000000000000000000000000000001
0000000000000000000000000000000000000001
0000000000000000000000000000000000000001
0000000000000000000000000000000000000001
0000000000000000000000000000000000000001
0000000000000000000000000000000000000001
0000000000000000000000000000000000000001
0000000000000000000000000000000000000001
0000000000000000000000000000000000000001
0000000000000000000000000000000000000001
0000000000000000000000000000000000000001
0000000000000000000000000000000000000001
0000000000000000000000000000000000000001
0000000000000000000000000000000000000001
0000000000000000000000000000000000000001
0000000000000000000000000000000000000001
0000000000000000000000000000000000000001
0000000000000000000000000000000000000001
0000000000000000000000000000000000000001
0000000000000000000000000000000000000001
0000000000000000000000000000000000000001
0000000000000000000000000000000000000001
0000000000000000000000000000000000000001
0000000000000000000000000000000000000001
0000000000000000000000000000000000000001
0000000000000000000000000000000000000001
0000000000000000000000000000000000000001
0000000000000000000000000000000000000001
0000000000000000000000000000000000000001
0000000000000000000000000000000000000001
0000000000000000000000000000000000000001
0000000000000000000000000000000000000001
0000000000000000000000000000000000000001
0000000000000000000000000000000000000001
0000000000000000000000000000000000000001
0000000000000000000000000000000000000001
0000000000000000000000000000000000000001
0000000000000000000000000000000000000001
0000000000000000000000000000000000000001
0000000000000000000000000000000000000001
0000000000000000000000000000000000000001
0000000000000000000000000000000000000001
0000000000000000000000000000000000000001
0000000000000000000000000000000000000001
0000000000000000000000000000000000000001
0000000000000000000000000000000000000001
0000000000000000000000000000000000000001
0000000000000000000000000000000000000001
0000000000000000000000000000000000000001
0000000000000000000000000000000000000001
0000000000000000000000000000000000000001
0000000000000000000000000000000000000001
0000000000000000000000000000000000000001
0000000000000000000000000000000000000001
0000000000000000000000000000000000000001
0000000000000000000000000000000000000001
0000000000000000000000000000000000000001
0000000000000000000000000000000000000001
0000000000000000000000000000000000000001
0000000000000000000000000000000000000001
0000000000000000000000000000000000000001
0000000000000000000000000000000000000001
0000000000000000000000000000000000000001
0000000000000000000000000000000000000001
0000000000000000000000000000000000000001
0000000000000000000000000000000000000001
0000000000000000000000000000000000000001
0000000000000000000000000000000000000001
0000000000000000000000000000000000000001
0000000000000000000000000000000000000001
0000000000000000000000000000000000000001
0000000000000000000000000000000000000001
